26
18
22
39
24
23
21
34
24
53
24
18
22
24
20
21
28
24
50
36
52
54
21
24
27
25
28
21
25
19
31
28
23
23
24
52
24
28
22
28
34
62
20
22
30
24
29
52
29
30
47
30
48
55
23
29
27
56
39
50
23
27
48
36
24
23
54
23
24
31
29
25
56
27
26
29
25
58
58
46
46
54
23
23
40
18
22
22
35
18
59
26
52
30
42
49
53
33
25
23
27
23
24
23
56
25
23
22
21
21
20
20
20
22
23
24
26
23
37
28
26
23
56
27
23
25
21
64
23
25
22
21
22
21
25
23
25
25
28
42
29
26
22
21
22
61
65
23
52
63
21
28
23
21
21
20
29
58
57
21
50
31
23
44
25
25
22
42
41
33
42
32
22
27
55
24
26
31
26
23
24
22
26
24
22
25
21
22
17
17
18
18
35
28
23
24
22
30
29
33
57
25
40
34
55
43
31
33
49
51
40
34
28
44
31
42
36
40
31
46
26
26
21
36
26
55
26
21
29
21
24
28
40
57
56
24
52
45
26
21
32
48
22
48
26
23
35
45
19
26
48
26
25
18
19
20
42
31
24
40
23
30
40
48
26
20
30
46
45
55
47
34
45
52
52
55
31
48
57
53
57
59
35
41
46
50
39
33
47
47
49
55
20
45
44
35
45
40
50
47
53
36
30
43
45
43
30
59
47
35
55
54
59
47
41
51
56
52
33
25
52
26
23
32
22
25
22
24
26
25
23
48
27
28
52
43
53
58
25
22
23
23
23
21
26
24
25
37
